15 15
 0 94  1 66  2 10  3 53  4 26  5 15  6 65  7 82  8 10  9 27 10 93 11 92 12 96 13 70 14 83
 0 74  1 31  2 88  3 51  4 57  5 78  6  8  7  7  8 91  9 79 10 18 11 51 12 18 13 99 14 33
 0  4  1 82  2 40  3 86  4 50  5 54  6 21  7  6  8 54  9 68 10 82 11 20 12 39 13 35 14 68
 0 73  1 23  2 30  3 30  4 53  5 94  6 58  7 93  8 32  9 91 10 30 11 56 12 27 13 92 14  9
 0 78  1 23  2 21  3 60  4 36  5 29  6 95  7 99  8 79  9 76 10 93 11 42 12 52 13 42 14 96
 0 29  1 61  2 88  3 70  4 16  5 31  6 65  7 83  8 78  9 26 10 50 11 87 12 62 13 14 14 30
 0 18  1 75  2 20  3  4  4 91  5 68  6 19  7 54  8 85  9 73 10 43 11 24 12 37 13 87 14 66
 0 32  1 52  2  9  3 49  4 61  5 35  6 99  7 62  8  6  9 62 10  7 11 80 12  3 13 57 14  7
 0 85  1 30  2 96  3 91  4 13  5 87  6 82  7 83  8 78  9 56 10 85 11  8 12 66 13 88 14 15
 0  5  1 59  2 30  3 60  4 41  5 17  6 66  7 89  8 78  9 88 10 69 11 45 12 82 13  6 14 13
 0 90  1 27  2  1  3  8  4 91  5 80  6 89  7 49  8 32  9 28 10 90 11 93 12  6 13 35 14 73
 0 47  1 43  2 75  3  8  4 51  5  3  6 84  7 34  8 28  9 60 10 69 11 45 12 67 13 58 14 87
 0 65  1 62  2 97  3 20  4 31  5 33  6 33  7 77  8 50  9 80 10 48 11 90 12 75 13 96 14 44
 0 28  1 21  2 51  3 75  4 17  5 89  6 59  7 56  8 63  9 18 10 17 11 30 12 16 13  7 14 35
 0 57  1 16  2 42  3 34  4 37  5 26  6 68  7 73  8  5  9  8 10 12 11 87 12 83 13 20 14 97
 0 20  1 85  2 61  3  9  4 36  5 63  6 11  7 45  8 10  9 33 10  5 11 41 12 47 13  9 14 74
 0 33  1 35  2 78  3 12  4 22  5 44  6  8  7 97  8 10  9 86 10 33 11 60 12 21 13 96 14 69
 0 34  1 94  2 15  3 23  4 84  5 16  6 55  7 50  8  5  9 59 10 35 11 12 12 57 13 11 14 51
 0 72  1 42  2  4  3 62  4 15  5 27  6 16  7 34  8  8  9 50 10 85 11 12 12 48 13  5 14 25
 0 40  1 81  2 46  3 67  4 25  5 83  6 92  7 25  8 40  9 21 10  4 11 43 12 38 13 60 14 24
 0  3  1 28  2 86  3 68  4 55  5 91  6 97  7 19  8 73  9 20 10 28 11 81 12 46 13 98 14 46
 0 29  1 96  2 12  3 71  4 32  5 64  6 39  7 16  8 97  9 99 10 49 11 75 12  7 13 79 14 80
 0 71  1  9  2 11  3  8  4  4  5 47  6 93  7 82  8  6  9 49 10  7 11 24 12 92 13 13 14 86
 0 80  1 34  2 75  3 35  4 29  5 60  6 20  7 48  8 46  9 57 10 73 11  8 12 45 13 90 14 84
 0 12  1 53  2 81  3 96  4 18  5 88  6 84  7 38  8 73  9 60 10 39 11 50 12  5 13  9 14 63
 0 18  1  9  2 51  3 93  4 57  5 82  6 46  7 38  8 58  9 86 10 49 11 45 12 37 13  9 14 95
 0 82  1  6  2 62  3 96  4 17  5 65  6 39  7 82  8 49  9 94 10  5 11  9 12 53 13 74 14 71
 0 10  1  9  2 69  3 33  4 39  5 41  6 14  7 37  8 16  9 44 10 12 11 68 12 49 13 66 14 14
 0 68  1  3  2 49  3 49  4 93  5 29  6 34  7 21  8 70  9 91 10 14 11 21 12 76 13 48 14 87
 0 21  1 90  2 20  3 59  4 10  5 34  6 44  7 20  8 37  9 86 10 84 11 60 12 20 13 54 14 98
 0 15  1 50  2 70  3 84  4 68  5 40  6 18  7 82  8 75  9 71 10 36 11 96 12 61 13 57 14 22
 0 42  1 11  2 19  3 22  4 18  5 93  6  5  7 38  8 35  9 24 10 69 11 61 12 41 13 56 14 62
 0 46  1 10  2 86  3 19  4 35  5 21  6 84  7 20  8 50  9 48 10 84 11 99 12 86 13 64 14 10
 0  8  1 12  2 71  3  4  4 86  5 74  6  1  7 78  8 18  9 13 10 30 11 96 12 57 13 20 14 46
 0 63  1 42  2 87  3 29  4 82  5 14  6 57  7 41  8 46  9 62 10 67 11 40 12 28 13 28 14 20
 0 98  1 17  2 10  3 95  4 94  5  8  6 82  7 21  8 28  9 71 10 10 11 67 12 60 13 79 14 54
 0 73  1 59  2 97  3 39  4 64  5 38  6 25  7  7  8 21  9 40 10 14 11 51 12 88 13 49 14 74
 0 53  1 53  2 54  3 53  4 52  5  3  6 71  7 72  8 66  9 41 10 64 11  6 12  7 13 46 14 56
 0 30  1 70  2 22  3 53  4 55  5 92  6 54  7 41  8 39  9 49 10  9 11 11 12 31 13 69 14 27
 0 54  1 69  2 17  3  1  4 53  5 31  6 90  7  9  8  3  9 41 10 97 11 42 12 21 13 54 14 69
 0 65  1 13  2 77  3 79  4 29  5 41  6 20  7  7  8 18  9 99 10 26 11 98 12 92 13 48 14 66
 0 62  1 17  2 56  3 88  4 51  5 69  6 15  7 69  8 74  9 20 10 43 11 98 12 12 13 35 14 89
 0  1  1 62  2 43  3 16  4 40  5 32  6 85  7 73  8 98  9 23 10  7 11 74 12 71 13 68 14 76
 0 26  1 71  2 51  3 82  4 35  5 83  6 81  7 20  8 26  9 24 10 12 11 90 12 28 13 85 14 17
 0 72  1 20  2  6  3 75  4 95  5 27  6 37  7 30  8 74  9 87 10 34 11 49 12 66 13 76 14 13
 0 45  1 61  2 27  3 77  4 45  5 23  6 94  7 73  8 55  9 62 10 54 11 97 12 40 13 50 14 56
 0 66  1 13  2 14  3 59  4 31  5  7  6 94  7 51  8 28  9 87 10 35 11 92 12  6 13 46 14 61
 0 84  1 83  2 99  3 70  4 24  5 15  6 44  7 41  8 82  9 92 10 68 11 36 12 30 13 61 14 65
 0 48  1 53  2 51  3 17  4 66  5 76  6 21  7 17  8 40  9 63 10 82 11 29 12 83 13 30 14 38
 0 42  1 17  2  2  3 92  4  7  5 20  6 72  7 10  8 69  9 68 10 56 11 54 12  6 13 96 14 11
 0 35  1 49  2 63  3 83  4 53  5 75  6 78  7 21  8 15  9 44 10 70 11 71 12 55 13 15 14 21
 0 60  1 12  2 83  3 91  4 27  5 56  6 91  7 24  8 40  9 54 10  5 11 15 12 47 13 71 14 77
 0 48  1  4  2 27  3 63  4 41  5 85  6  3  7 54  8 32  9 89 10 21 11 38 12 13 13 62 14 22
 0 20  1 56  2 69  3  8  4 37  5 13  6 15  7 83  8 93  9 88 10 10 11 91 12 24 13 76 14  1
 0 97  1 28  2  3  3  6  4 76  5  5  6 97  7 56  8 94  9 81 10 27 11 66 12 29 13  4 14 60
 0 35  1 26  2 21  3 79  4 92  5 56  6 64  7 44  8 94  9 22 10  1 11 41 12 67 13  9 14 82
 0 49  1  2  2 11  3 35  4 30  5 29  6 85  7 76  8  8  9 94 10 70 11 14 12 81 13 49 14 31
 0 36  1 75  2 49  3 87  4 88  5  7  6 22  7 38  8 43  9 18 10 60 11 57 12 37 13 73 14 13
 0 64  1 88  2 38  3 94  4 16  5  5  6  7  7 32  8 15  9 25 10 28 11 70 12 67 13 47 14  6
 0 59  1 25  2 76  3 38  4 49  5 89  6 88  7 90  8 67  9 46 10 13 11 20 12 14 13 62 14 88
 0 84  1 91  2 37  3 61  4 27  5 43  6 81  7 62  8 40  9 75 10  7 11 59 12 10 13 28 14 28
 0 79  1 73  2 93  3 10  4 13  5  8  6 20  7 79  8 49  9  4 10 62 11 31 12 97 13 16 14 98
 0 62  1 81  2 13  3 63  4 59  5 91  6 74  7 73  8 93  9 48 10 23 11 13 12 77 13  7 14 22
 0 20  1 89  2 97  3 97  4 58  5 51  6 28  7 67  8 21  9 53 10 18 11 86 12 41 13 23 14 16
 0  9  1  7  2 20  3 62  4 56  5 33  6 88  7 81  8 86  9 16 10 21 11 28 12 81 13 43 14 78
 0 36  1 97  2 19  3 58  4 16  5 74  6 89  7 68  8 16  9 85 10 17 11  3 12 45 13 55 14 70
 0 35  1 91  2 65  3 31  4 42  5 76  6 74  7 63  8  4  9 39 10 57 11 72 12 57 13 46 14 15
 0 86  1 55  2 95  3 41  4 34  5 83  6 27  7 73  8 53  9 68 10 65 11 83 12 96 13 95 14 21
 0 73  1  9  2 79  3 24  4  4  5 42  6 96  7 97  8 43  9 56 10 40 11 59 12 69 13 69 14 78
 0 39  1 98  2 79  3 24  4 86  5 22  6 91  7 85  8 42  9 19 10 52 11  2 12 68 13 78 14 24
 0 68  1 13  2 75  3 14  4 43  5 55  6 20  7  3  8 39  9 39 10 57 11  8 12 25 13 55 14 56
 0 23  1 13  2 86  3 25  4 73  5 51  6 16  7 11  8 95  9 45 10 73 11 18 12 32 13 91 14 65
 0 99  1 96  2 60  3 88  4  1  5 53  6 28  7 52  8 56  9 99 10 51 11 16 12 53 13 77 14 59
 0 80  1 96  2 33  3 61  4 69  5 33  6 96  7 69  8 96  9 68 10 68 11 48 12 61 13 27 14 45
 0 84  1 45  2  9  3 54  4 46  5  9  6 84  7 70  8 67  9 14 10 38 11 46 12 73 13 72 14 61
 0 86  1 60  2 10  3 59  4 65  5 94  6 71  7 25  8 98  9 49 10 43 11  8 12 90 13 21 14 73
 0 68  1 28  2 38  3 36  4 93  5 35  6 37  7 28  8 62  9 86 10 65 11 11 12 20 13 82 14 23
 0 33  1 67  2 96  3 91  4 83  5 81  6 60  7 88  8 20  9 62 10 22 11 79 12 38 13 40 14 82
 0 13  1 14  2 73  3 88  4 24  5 16  6 78  7 70  8 53  9 68 10 73 11 90 12 58 13  7 14  4
 0 93  1 52  2 63  3 13  4 19  5 41  6 71  7 59  8 19  9 60 10 85 11 99 12 73 13 95 14 19
 0 62  1 60  2 93  3 16  4 10  5 72  6 88  7 69  8 58  9 41 10 46 11 63 12 76 13 83 14 62
 0 50  1 68  2 90  3 34  4 44  5  5  6  8  7 25  8 70  9 53 10 78 11 92 12 62 13 85 14 70
 0 60  1 64  2 92  3 44  4 63  5 91  6 21  7  1  8 96  9 19 10 59 11 12 12 41 13 11 14 94
 0 93  1 46  2 51  3 37  4 91  5 90  6 63  7 40  8 68  9 13 10 16 11 83 12 49 13 24 14 23
 0  5  1 35  2 21  3 14  4 66  5  3  6  6  7 98  8 63  9 64 10 76 11 94 12 17 13 62 14 37
 0 35  1 42  2 62  3 68  4 73  5 27  6 52  7 39  8 41  9 25 10  9 11 34 12 50 13 41 14 98
 0 23  1 32  2 35  3 10  4 29  5 68  6 20  7  8  8 58  9 62 10 39 11 32 12  8 13 33 14 91
 0 28  1 31  2  3  3 28  4 66  5 59  6 24  7 45  8 81  9  8 10 44 11 42 12  2 13 23 14 53
 0 11  1 93  2 27  3 59  4 62  5 23  6 23  7  7  8 77  9 64 10 60 11 97 12 36 13 53 14 72
 0 36  1 98  2 38  3 24  4 84  5 47  6 72  7  1  8 91  9 85 10 68 11 42 12 20 13 30 14 30
 0 40  1  1  2 76  3 71  4 53  5 28  6 17  7  7  8  7  9 78 10 62 11 93 12 14 13 11 14 30
 0 84  1 84  2 55  3 39  4 82  5 60  6 74  7  2  8 90  9 33 10 87 11 81 12 39 13 15 14 87
 0 93  1 73  2 88  3 29  4 16  5 96  6 43  7 89  8 43  9 97 10 41 11 93 12 84 13 87 14 75
 0 58  1 58  2 53  3 32  4 73  5 34  6  5  7 74  8 46  9 98 10 47 11 60 12 81 13  5 14 57
 0 79  1 38  2 30  3 98  4 37  5 68  6 58  7 96  8 16  9 80 10 21 11 29 12 27 13 25 14 49
 0 60  1 83  2 18  3 45  4 64  5 79  6 42  7 84  8 15  9 13 10 77 11 66 12 15 13 17 14 12
 0 23  1 90  2 74  3 85  4 59  5 46  6 70  7 22  8 26  9 18 10  3 11 94 12 75 13 11 14 33
 0 82  1 59  2 38  3 48  4  5  5 27  6 67  7 21  8  9  9 28 10 37 11 11 12  9 13 50 14 45
 0 82  1 61  2  6  3 14  4 99  5 39  6 53  7 73  8 96  9 58 10 50 11 86 12  2 13 34 14 28
 0 58  1 31  2 83  3 21  4 34  5 83  6 28  7 26  8 85  9 97 10 53 11 39 12 99 13 79 14 21
 0 85  1 76  2 27  3  8  4 54  5 85  6 80  7 37  8 62  9 28 10 48 11 26 12 94 13 42 14  8
 0 94  1 99  2  2  3 95  4 19  5 93  6 61  7 78  8 84  9 93 10 59 11 63 12 46 13 25 14 19
 0 97  1  9  2 29  3 16  4 24  5 40  6 56  7 44  8 23  9 56 10 88 11 78 12 89 13 46 14 87
 0 49  1  5  2 75  3 57  4 44  5  8  6 47  7 82  8 17  9 71 10 89 11 23 12 84 13 56 14 80
 0 14  1 91  2 96  3 10  4 54  5 46  6 60  7 98  8 24  9 71 10 65 11 37 12 51 13 57 14 21
 0 94  1 79  2  9  3 36  4 22  5  8  6 68  7 67  8 46  9 89 10 30 11  5 12 39 13 28 14 80
 0 46  1 27  2 21  3 55  4 61  5 14  6 17  7 44  8 23  9 50 10 94 11 10 12 34 13 72 14 97
 0 33  1 54  2 31  3 18  4 13  5 52  6 21  7 69  8 35  9 19 10 11 11 91 12 63 13 37 14 47
 0  9  1 14  2 27  3 20  4 11  5  2  6 77  7 95  8 99  9 46 10  1 11 18 12  2 13 17 14 34
 0 13  1 71  2 82  3 94  4  8  5 28  6 85  7  4  8 31  9 35 10 33 11 21 12 87 13 94 14 83
 0  5  1 50  2 85  3 73  4 36  5 56  6 40  7 80  8 67  9 16 10 66 11 56 12 67 13 74 14 75
 0 94  1 74  2 97  3 74  4 43  5 63  6 18  7 98  8 98  9 80 10 48 11 65 12 66 13 45 14  3
 0 61  1  8  2 24  3 29  4  1  5 58  6 58  7 56  8 42  9  8 10 17 11 69 12 67 13 64 14 27
 0 13  1 76  2 75  3  9  4 93  5 86  6 53  7 38  8 49  9 61 10 63 11  5 12  1 13  2 14 29
 0  6  1 54  2 74  3  4  4 30  5 60  6 64  7 63  8 82  9 87 10 36 11 25 12  7 13 72 14 49
 0 22  1  5  2 97  3 80  4 27  5 43  6 25  7 10  8 74  9 81 10  8 11 26 12 83 13 53 14 83
 0 37  1 72  2 32  3 19  4 24  5 48  6 42  7 81  8 91  9 95 10 98 11 22 12 79 13 91 14 71
 0 78  1 71  2 48  3 59  4 84  5 37  6 63  7 60  8 62  9 91 10 13 11 16 12  5 13 99 14  6
 0 81  1 80  2 66  3 92  4 23  5 67  6 36  7 27  8 81  9 57 10 52 11 53 12 26 13 51 14 12
 0 25  1 25  2 46  3 96  4 72  5 52  6 71  7 16  8 30  9 89 10 94 11 14 12 57 13 13 14  8
 0 44  1 36  2 38  3 61  4 84  5 74  6  5  7 28  8 86  9 43 10 40 11  4 12 89 13 67 14 92
 0 82  1 22  2 15  3 55  4 31  5 13  6 86  7 30  8 39  9 95 10 83 11 92 12 14 13 48 14 34
 0 66  1 72  2 57  3 48  4 14  5 23  6 22  7 24  8 93  9 80 10 15 11 47 12 77 13 64 14 76
 0 40  1 91  2  4  3 70  4 75  5 82  6 88  7 79  8 97  9 60 10 45 11 50 12 76 13 91 14 91
 0 11  1 87  2 53  3 23  4  5  5 80  6 95  7 84  8 93  9 33 10 25 11 21 12 65 13 71 14  3
 0 65  1 14  2  8  3 36  4 23  5 21  6  2  7  8  8 50  9 21 10  9 11 77 12 48 13 29 14 40
 0 40  1 73  2 32  3 18  4 34  5 16  6 66  7 27  8 54  9 72 10  5 11 83 12 98 13 97 14 81
 0 31  1 38  2 52  3 91  4 77  5 23  6 27  7 95  8 85  9 42 10 26 11  7 12 83 13 98 14 40
 0  8  1 41  2 16  3 34  4  9  5  8  6 16  7 96  8 39  9 91 10 26 11 17 12  4 13 89 14 92
 0 74  1 54  2 89  3 78  4 10  5 64  6 91  7 78  8 75  9 17 10 71 11 91 12 44 13 95 14 51
 0 81  1 89  2 38  3 61  4 61  5 36  6 66  7 14  8 38  9  5 10 75 11 52 12 26 13 82 14 53
 0 21  1 64  2 93  3 11  4 36  5 13  6 42  7 56  8 81  9  6 10 30 11 20 12 57 13 40 14 92
 0 92  1 37  2  9  3 81  4 74  5 55  6 34  7 34  8 35  9 14 10 55 11 86 12 94 13 86 14  9
 0 53  1 33  2 84  3 80  4 95  5 44  6 26  7 66  8  3  9 99 10 81 11 54 12 16 13 28 14 38
 0 33  1 14  2 26  3  6  4 27  5 56  6 53  7 83  8 69  9 68 10 17 11 82 12 28 13 22 14 27
 0 15  1  9  2 89  3 93  4 66  5 18  6 27  7 54  8 16  9 58 10 58 11 41 12 67 13 42 14 93
 0 96  1 78  2  2  3 73  4  1  5  3  6  5  7 25  8  7  9 12 10 46 11  4 12 75 13  2 14 38
 0 31  1 24  2 59  3 67  4 42  5 97  6 56  7 20  8 98  9 56 10 25 11 57 12 95 13 42 14 33
 0 48  1 45  2 10  3 18  4 48  5 96  6 46  7 45  8 64  9 73 10 20 11 69 12 40 13 10 14  7
 0 98  1 98  2 45  3 15  4 10  5 49  6 55  7 66  8 63  9 37 10  2 11 78 12 84 13 64 14 38
 0 85  1 27  2 48  3 75  4 41  5 36  6 58  7 92  8 93  9 75 10 53 11 89 12 38 13 24 14 57
 0 96  1  5  2 38  3 88  4  4  5 91  6 42  7 67  8 62  9 78 10 30 11 34 12 88 13  2 14  1
 0 89  1 28  2 85  3  2  4 39  5 55  6  1  7 98  8 85  9 92 10 79 11 69 12 62 13 16 14 88
 0  1  1 66  2 98  3 14  4 51  5 30  6 35  7 30  8 74  9 31 10 90 11 59 12 57 13 68 14 16
 0 65  1  8  2 15  3 79  4 30  5 26  6 90  7 88  8 35  9 90 10 35 11 74 12 97 13 28 14 33
 0 79  1 93  2 47  3 19  4 95  5 11  6 79  7 86  8 85  9 34 10 29 11 37 12 76 13 17 14 21
 0 73  1 70  2 87  3 92  4  2  5 58  6 15  7 74  8 82  9 74 10 94 11 45 12 42 13 30 14 84
 0 61  1 18  2 17  3 97  4 42  5 84  6 71  7 62  8 74  9 32 10 11 11 65 12 22 13 21 14 14
 0 37  1 34  2 63  3 16  4 45  5  3  6 29  7 52  8 49  9 63 10 27 11 67 12 19 13 38 14 81
 0 66  1 26  2 73  3 99  4  8  5 19  6 70  7 67  8 90  9 98 10 66 11 25 12 40 13 47 14 56
 0 20  1 89  2 55  3 25  4 31  5 58  6 63  7 81  8 28  9 41 10 16 11 14 12 30 13 18 14 12
 0 92  1  4  2 22  3 28  4 14  5 29  6 52  7 82  8 58  9 46 10 60 11  8 12 30 13 96 14 36
 0 20  1 39  2 17  3 74  4 17  5  5  6 30  7 27  8 60  9 23 10 33 11 57 12 93 13 24 14 95
 0 77  1 22  2 15  3 47  4 71  5 45  6 36  7 53  8 47  9 77 10  8 11 49 12 30 13 97 14 33
 0 31  1 39  2 61  3 83  4 17  5 33  6 93  7 65  8 38  9 74 10 82 11 63 12 45 13 47 14 90
 0 66  1 94  2 25  3 65  4 85  5 40  6 16  7 10  8 72  9 99 10 76 11 67 12 40 13 97 14 94
 0 68  1 24  2  4  3 98  4 29  5 34  6 31  7  3  8 75  9 14 10 26 11 70 12 66 13 78 14 89
 0 82  1 28  2 20  3 48  4  5  5 28  6 59  7 99  8 22  9 32 10  7 11  7 12 92 13 66 14 89
 0 86  1 79  2 79  3 30  4 70  5 45  6 24  7 83  8  7  9 78 10 16 11  8 12 88 13 29 14 37
 0 59  1 69  2 10  3 65  4 19  5 27  6 98  7  7  8 83  9 35 10  3 11 83 12 93 13 21 14 52
 0 25  1 16  2 70  3 55  4 45  5 92  6 55  7 66  8 18  9 23 10 21 11 18 12 47 13 85 14 62
 0 75  1 39  2 78  3 24  4 38  5 77  6 15  7  5  8 56  9 38 10 75 11 59 12 45 13 13 14 50
 0 19  1  5  2 98  3 52  4 67  5 98  6 13  7 81  8 39  9 44 10 81 11  1 12 21 13 86 14 39
 0  8  1  6  2 85  3 45  4 63  5 41  6 55  7 55  8 31  9 75 10 14 11 57 12  5 13  3 14 97
 0 53  1 85  2 88  3 74  4 15  5 21  6 42  7 56  8 56  9 44 10 83 11 52 12 79 13 98 14 57
 0 69  1 81  2 81  3 62  4 80  5  3  6 38  7 62  8 54  9 66 10 88 11 82 12  3 13 12 14 88
 0 83  1 51  2 47  3 15  4 89  5 76  6 52  7 18  8 22  9 85 10 26 11 30 12  5 13 89 14 22
 0 62  1 47  2 93  3 54  4 38  5 78  6 71  7 96  8 19  9 33 10 44 11 71 12 90 13  9 14 21
 0 33  1 82  2 80  3 30  4 96  5 31  6 11  7 26  8 41  9 55 10 12 11 10 12 92 13  3 14 75
 0 36  1 49  2 10  3 43  4 69  5 72  6 19  7 65  8 37  9 57 10 32 11 11 12 73 13 89 14 12
 0 83  1 32  2  6  3 13  4 87  5 94  6 36  7 76  8 46  9 30 10 56 11 62 12 32 13 52 14 72
 0 29  1 78  2 21  3 27  4 17  5 43  6 14  7 15  8 16  9 49 10 72 11 19 12 99 13 38 14 64
 0 12  1 74  2  4  3  3  4 15  5 62  6 50  7 38  8 49  9 25 10 18 11 55 12  5 13 71 14 27
 0 69  1 13  2 33  3 47  4 86  5 31  6 97  7 48  8 25  9 40 10 94 11 22 12 61 13 59 14 16
 0 27  1  4  2 35  3 80  4 49  5 46  6 84  7 46  8 96  9 72 10 18 11 23 12 96 13 74 14 23
 0 36  1 17  2 81  3 67  4 47  5  5  6 51  7 23  8 82  9 35 10 96 11  7 12 54 13 92 14 38
 0 78  1 58  2 62  3 43  4  1  5 56  6 76  7 49  8 80  9 26 10 79 11  9 12 24 13 24 14 42
 0 38  1 86  2 38  3 38  4 83  5 36  6 11  7 17  8 99  9 14 10 57 11 64 12 58 13 96 14 17
 0 10  1 86  2 93  3 63  4 61  5 62  6 75  7 90  8 40  9 77 10  8 11 27 12 96 13 69 14 64
 0 73  1 12  2 14  3 71  4  3  5 47  6 84  7 84  8 53  9 58 10 95 11 87 12 90 13 68 14 75
 0 59  1 12  2 76  3 89  4 84  5 19  6 63  7  5  8 39  9 34 10 50 11 84 12 39 13 38 14 85
 0 88  1 21  2 47  3 53  4 32  5 22  6 98  7 64  8 98  9 16 10 83 11 49 12 48 13 65 14 28
 0 22  1 43  2 84  3 47  4 28  5 48  6 74  7 97  8 54  9 88 10 20 11 72 12 47 13 24 14 56
 0 59  1 97  2 35  3 86  4 51  5 20  6 69  7 35  8 36  9 42 10 69 11 12 12 55 13 21 14 99
 0 39  1 15  2 24  3 16  4 54  5 43  6 12  7 57  8 77  9 80 10  4 11 25 12 46 13 37 14 74
 0 91  1 31  2 45  3 51  4 12  5 50  6 41  7 31  8 81  9 10 10  6 11 36 12  3 13 42 14 86
 0 37  1 16  2 36  3 66  4 58  5 22  6 18  7 40  8 81  9 24 10 36 11 20 12 29 13 61 14 70
 0 11  1 64  2 83  3 82  4 60  5 42  6 53  7  8  8 39  9 77 10 83 11 80 12  5 13 92 14 53
 0 99  1 86  2 57  3 55  4 89  5 48  6 82  7 14  8 37  9 87 10 77 11  5 12 28 13 18 14 28
 0 79  1 21  2 18  3 82  4 83  5 89  6 50  7 94  8 59  9 64 10 42 11 45 12 69 13 33 14 61
 0 53  1 79  2  5  3 65  4 39  5 86  6 68  7 17  8 61  9 74 10 65 11 17 12  5 13  3 14  4
 0 37  1 20  2 22  3 60  4  5  5 30  6 42  7 30  8  5  9 52 10  4 11 69 12 89 13 97 14  9
 0 44  1 14  2 22  3 29  4 98  5 20  6 47  7 70  8 70  9 76 10  7 11 46 12 60 13 96 14 50
 0 18  1 91  2 89  3 64  4 34  5 82  6 73  7 94  8  2  9 21 10 48 11 51 12 85 13 85 14 17
 0 44  1 47  2 62  3 96  4 54  5 69  6 35  7 54  8 76  9 61 10 85 11  9 12 47 13 58 14 87
 0 70  1  6  2 30  3 31  4 73  5 43  6 28  7 31  8 85  9 72 10 38 11 58 12 16 13 34 14 14
 0 85  1  4  2  2  3 75  4 77  5 30  6 88  7 84  8 66  9 86 10 28 11  8 12  4 13 18 14 40
 0  1  1 40  2  6  3 36  4 26  5 35  6 76  7 46  8 77  9 52 10  1 11 44 12 18 13 52 14 70
 0 40  1 47  2 18  3 38  4 13  5 43  6 51  7 31  8 77  9 21 10  6 11 32 12 26 13 12 14  1
 0  1  1 15  2 26  3 71  4 69  5 89  6 93  7 63  8 42  9 18 10  1 11 32 12 11 13 94 14 69
 0  2  1 16  2 12  3 88  4 25  5 16  6 35  7 10  8 98  9 52 10 27 11 42 12  1 13 49 14 28
 0 41  1  6  2 32  3 89  4 60  5 64  6 10  7 36  8 34  9 46 10  6 11 86 12  9 13 28 14 25
 0 14  1  3  2 79  3 92  4 72  5 81  6 25  7 60  8 48  9 26 10 59 11 74 12  8 13 65 14 44
 0 87  1 71  2 50  3 67  4 66  5 21  6 77  7 93  8 54  9 74 10 10 11 46 12 84 13 59 14 54
 0 38  1 26  2 32  3 95  4 56  5 28  6 85  7 20  8 98  9 25 10 45 11 60 12 76 13 79 14 97
 0 14  1 79  2 93  3 25  4 41  5 17  6 34  7 86  8 36  9 23 10  8 11 61 12  5 13 41 14 17
 0 62  1 19  2 56  3 42  4  8  5  6  6 84  7 83  8 65  9 67 10 75 11 66 12 85 13 66 14 18
 0 77  1 16  2 41  3 69  4 65  5 18  6 85  7 35  8 85  9 51 10 92 11 87 12 30 13 21 14 29
 0 70  1 61  2 71  3 83  4 83  5 31  6  1  7 29  8 49  9 71 10  1 11 34 12 69 13 86 14 93
 0 22  1 84  2 10  3 83  4 63  5 31  6  3  7 14  8 98  9 93 10 81 11 23 12 34 13 25 14 16
 0 72  1 51  2 42  3 31  4 61  5 46  6 88  7 33  8 27  9 85 10 70 11 56 12 70 13 50 14 25
 0 19  1 79  2 79  3 47  4 40  5 67  6 43  7 65  8 84  9 61 10 30 11 56 12 19 13 91 14 68
 0 94  1  7  2  2  3 95  4 60  5 82  6 76  7 36  8  8  9 85 10  7 11 44 12  2 13 72 14 91
 0 58  1 67  2 84  3 34  4 19  5 19  6 94  7 41  8 98  9 96 10 25 11 40 12 74 13 88 14 74
 0 45  1 60  2  8  3 29  4 32  5 42  6 25  7  4  8 71  9 79 10 93 11 28 12 30 13 17 14 43
 0 84  1 56  2 46  3 93  4 66  5 84  6 40  7  4  8 15  9 15 10 54 11 39 12 77 13 55 14 31
 0 65  1 91  2 17  3 47  4 77  5 68  6 62  7 22  8 72  9 47 10 38 11  7 12 11 13 22 14 63
 0 12  1 21  2 60  3 42  4 22  5 84  6 60  7 52  8 25  9 53 10 53 11 56 12 29 13 83 14 32
 0 48  1 28  2 70  3 26  4 68  5  4  6 19  7 92  8 24  9 54 10 57 11 47 12 84 13 85 14 95
 0 36  1 34  2 65  3 64  4 30  5 41  6 53  7 74  8 44  9 13 10 41 11  6 12 32 13 94 14 37
 0 62  1  9  2 89  3 37  4 28  5 23  6 13  7 60  8 46  9 94 10 85 11 72 12 18 13 79 14 11
 0 74  1 61  2 43  3 26  4 97  5 62  6 40  7 60  8 62  9 78 10 42 11  8 12 21 13 11 14 70
 0  9  1 22  2  9  3  8  4 54  5 32  6 92  7 76  8  2  9 63 10 63 11 98 12 42 13 12 14 41
 0 67  1  7  2 91  3 52  4 87  5  4  6  1  7 56  8 82  9 47 10 35 11  8 12 92 13 39 14 11
 0 44  1 24  2 24  3 14  4 34  5 57  6 30  7 64  8  4  9 14 10 69 11 95 12 22 13 60 14 61
